0 16254.3
1 16818.3
2 16364.9
3 17240.7
4 16181.1
5 17389.5
6 17234.5
7 17365.7
8 16377.3
9 16941.4
10 16615.1
11 16977.8
12 16663.7
13 17515.5
14 16496.4
15 17959.6
16 16918.8
17 17306.4
18 17216.7
19 17468.2
20 17021
21 17241.3
22 16781.8
23 17052.6
24 17285.5
25 17203.6
26 17023.6
27 17584.2
28 17019.2
29 17052.4
30 16769.5
31 17171
32 17834.9
33 17347.1
34 17272.2
35 17096.5
36 17004.7
37 16972.6
38 16633.7
39 16997.5
40 17612
41 17359.4
42 17798.9
43 17905.9
44 17078.2
45 16297.6
46 16537.6
47 17099.7
48 16911.3
49 17114.3
50 16789.3
51 17078.4
52 17051.7
53 16592.7
54 17130.4
55 17136.1
56 16637.4
57 17227.3
58 17809.5
59 17550.2
60 17081.2
61 17240.5
62 16833.6
63 16861
64 16086.7
65 17902.5
66 16753.2
67 17502.2
68 16912.3
69 17501.8
70 16574.2
71 17108.7
72 16662.5
73 17383.2
74 16940.5
75 16919.9
76 17196.7
77 17827.4
78 16700.7
79 16821.7
80 16433.9
81 16657.6
82 15930.1
83 17239.4
84 17237.2
85 16899.1
86 16561.5
87 16509
88 16630.2
89 17382.9
90 16604.2
91 17067.3
92 16353.4
93 17389.9
94 16604.2
95 16627.5
96 17027.1
97 17375.3
98 16523.1
99 17082.9
100 15851.4
101 17077.9
102 16654.7
103 16579.3
104 17683.1
105 16567
106 16930.6
107 16774.8
108 16652.4
109 16855.3
110 16997
111 15950.8
112 16522.6
113 16084.9
114 16725.3
115 18117.7
116 16277.1
117 16856.7
118 16728.8
119 17116.9
120 16379
121 16922.9
122 16288.9
123 17270.6
124 16846.2
125 16910.9
126 17392.8
127 17146.9
128 17094.8
129 16796.1
130 17484.5
131 17460.8
132 17066.3
133 16733.4
134 17254.3
135 17394
136 16787.3
137 17696.9
138 16152.1
139 15964.9
140 16096.5
141 17700.8
142 16891.6
143 16891.5
144 16951.7
145 16711.2
146 16605.4
147 18178.2
148 16940.5
149 16708.3
150 17006.6
151 17102.8
152 17487.2
153 18002.4
154 16283.5
155 16863.5
156 16197.9
157 17152.9
158 17268.3
159 17018.6
160 16801.2
161 16700.6
162 17581.4
163 16929.3
164 17335.1
165 17077.5
166 17418.6
167 16010.9
168 16809.1
169 17308.8
170 15983.6
171 16860
172 17368.5
173 17075.7
174 17540.8
175 17669.5
176 17081.6
177 17303.8
178 16817.4
179 17099.2
180 16442.9
181 16464.5
182 16776.3
183 16841.4
184 16344.7
185 17548.9
186 16799.1
187 16824.1
188 18043.7
189 17717.1
190 17116.2
191 17113.6
192 17304
193 17289.1
194 16757.8
195 17235.8
196 16778.8
197 17381.5
198 16885.3
199 16904.2
200 16650.3
201 16893.4
202 16316.9
203 16500.2
204 16657.3
205 17136.4
206 16278.8
207 17569.3
208 16113.9
209 17652.7
210 17689.5
211 17297.1
212 16629.9
213 17534.8
214 16602.2
215 17771.4
216 16849.7
217 17824.4
218 16712.3
219 17497.6
220 16633.9
221 18041.9
222 16367.9
223 18202.4
224 17218.8
225 18187.2
226 16491.7
227 18075.3
228 17232.6
229 17691
230 16897.4
231 17906.7
232 16434.2
233 17319.9
234 16467
235 17700
236 16767
237 18124.5
238 17025.7
239 16269
240 16860.5
241 16528.9
242 17020.7
243 16763.4
244 16698.3
245 17282.4
246 17323.8
247 17016.9
248 17105.3
249 16726.3
250 16292.4
251 16976
252 16050.8
253 16916.4
254 17066.3
255 15763.7
256 17034
257 16578
258 17034.9
259 16473
260 16306.7
261 16502.1
262 16939.5
263 16904.8
264 16510.1
265 16863.4
266 17479.1
267 16917.9
268 17510
269 16608.9
270 16721
271 16843.9
272 17236.4
273 17098.2
274 17506.9
275 17315.5
276 16858.9
277 16695.6
278 17677.6
279 17276.2
280 16411.9
281 16511
282 17490.2
283 15693.6
284 17463.7
285 17303.5
286 17159.4
287 17280.5
288 18092.9
289 16923.7
290 18311.1
291 15512.4
292 17893
293 16025.6
294 17995.6
295 16444.6
296 16920.7
297 16042.4
298 17405.5
299 16463.8
300 17499.1
301 16567.8
302 17178.9
303 17267.7
304 16718.3
305 16275.3
306 17236.2
307 17144.5
308 18071.4
309 17432.8
310 17213.3
311 17626.8
312 17805.8
313 16932.9
314 17848.2
315 17114.5
316 19201
317 16960.7
318 18099.6
319 17394.6
320 16875
321 16437.6
322 16821.9
323 17675.9
324 17662.7
325 17802.7
326 17943.5
327 17550.8
328 17192.9
329 18295.1
330 18409.3
331 17474
332 17751.6
333 17522.3
334 17415.4
335 17788.7
336 18027.1
337 17093.8
338 18061.1
339 17916.9
340 17325.3
341 18098.7
342 17076.2
343 18272.2
344 17213.3
345 17612.1
346 18018.2
347 17211.8
348 17579.3
349 16776.5
